########## option to draw a vertical date line
drawDateLine <-  TRUE
#jdLine <- c(2457892.0,2457917.5)
jdLine <- c(2457890, 2457915,2457968,2457994,2458094.0,2458191.9)
jdLineColor <- "red"
#jdLineText <- c("Elsie","Celeste")
jdLineText <- c("Elsie","Celeste","Skara Brae","Angkor","December","Ozymandias")
