########## option to draw a vertical date line
drawDateLine <-  TRUE
#jdLine <- c(2457892.0,2457917.5)
jdLine <- c(2457892.0, 2457917.5,2457965.5,2458002)
jdLineColor <- "red"
#jdLineText <- c("Elsie","Celeste")
jdLineText <- c("Elsie","Celeste","Skara Brae","Nameworthy")
#jdLineText <- c("18May17","11Jun17","2Aug16")
